5000    13447
10000    11109
15000    9526
20000    9227
25000    8938
30000    8574
35000    8411
40000    8370
45000    8288
50000    8231
55000    8200
60000    8189
65000    8181
70000    8169
75000    8169
80000    8169
85000    8169
90000    8169
95000    8169
100000    8169
105000    8169
110000    8169
115000    8169
120000    8169
125000    8169
130000    8169
135000    8169
140000    8169
145000    8169
150000    8169
155000    8169
160000    8169
165000    8169
170000    8169
175000    8169
180000    8169
185000    8169
190000    8169
195000    8169
200000    8169
205000    8169
210000    8169
215000    8169
220000    8169
225000    8169
230000    8169
235000    8169
240000    8169
245000    8169
250000    8169
255000    8169
260000    8169
265000    8169
270000    8169
275000    8169
280000    8169
285000    8169
290000    8169
295000    8169
300000    8169
305000    8169
310000    8169
315000    8169
320000    8169
325000    8169
330000    8169
335000    8169
340000    8169
345000    8169
350000    8169
355000    8169
360000    8169
365000    8169
370000    8169
375000    8169
380000    8169
385000    8169
390000    8169
395000    8169
400000    8169
405000    8169
410000    8169
415000    8169
420000    8169
425000    8169
430000    8169
435000    8169
440000    8169
445000    8169
450000    8169
455000    8169
460000    8169
465000    8169
470000    8169
475000    8169
480000    8169
485000    8169
490000    8169
495000    8169
500000    8169
