1    565      575
50    595      360
20    560      365
23    480      415
21    300      465
31    420      555
18    415      635
22    520      585
32    575      665
45    555      815
19    510      875
10    650      1130
9    580      1175
8    525      1000
41    475      960
3    345      750
17    145      665
42    95      260
7    25      230
2    25      185
30    410      250
29    660      180
16    725      370
44    700      500
46    830      485
25    975      580
12    1220      580
28    1250      400
27    1320      315
26    1215      245
47    1170      65
13    1465      200
14    1530      5
52    1740      245
11    1605      620
51    1340      725
33    1150      1160
43    875      920
4    945      685
6    880      660
15    845      680
5    845      655
24    835      625
48    830      610
38    795      645
37    770      610
40    760      650
39    720      635
34    700      580
35    685      595
36    685      610
49    605      625
