5000    13686
10000    10588
15000    9945
20000    9341
25000    9101
30000    8861
35000    8781
40000    8712
45000    8499
50000    8489
55000    8449
60000    8449
65000    8449
70000    8449
75000    8449
80000    8449
85000    8449
90000    8449
95000    8449
100000    8449
105000    8449
110000    8449
115000    8449
120000    8449
125000    8449
130000    8449
135000    8449
140000    8449
145000    8449
150000    8449
155000    8449
160000    8449
165000    8449
170000    8449
175000    8449
180000    8449
185000    8449
190000    8449
195000    8449
200000    8449
205000    8449
210000    8449
215000    8449
220000    8449
225000    8449
230000    8449
235000    8449
240000    8449
245000    8449
250000    8449
255000    8449
260000    8449
265000    8449
270000    8449
275000    8449
280000    8449
285000    8449
290000    8449
295000    8449
300000    8449
305000    8449
310000    8449
315000    8449
320000    8449
325000    8449
330000    8449
335000    8449
340000    8449
345000    8449
350000    8449
355000    8449
360000    8449
365000    8449
370000    8449
375000    8449
380000    8449
385000    8449
390000    8449
395000    8449
400000    8449
405000    8449
410000    8449
415000    8449
420000    8449
425000    8449
430000    8449
435000    8449
440000    8449
445000    8449
450000    8449
455000    8449
460000    8449
465000    8449
470000    8449
475000    8449
480000    8449
485000    8449
490000    8449
495000    8449
500000    8449
