5000    12975
10000    10589
15000    9969
20000    9158
25000    8829
30000    8634
35000    8368
40000    8287
45000    8156
50000    8089
55000    8031
60000    7974
65000    7968
70000    7961
75000    7961
80000    7961
85000    7961
90000    7961
95000    7961
100000    7961
105000    7961
110000    7961
115000    7961
120000    7961
125000    7961
130000    7961
135000    7961
140000    7961
145000    7961
150000    7961
155000    7961
160000    7961
165000    7961
170000    7961
175000    7961
180000    7961
185000    7961
190000    7961
195000    7961
200000    7961
205000    7961
210000    7961
215000    7961
220000    7961
225000    7961
230000    7961
235000    7961
240000    7961
245000    7961
250000    7961
255000    7961
260000    7961
265000    7961
270000    7961
275000    7961
280000    7961
285000    7961
290000    7961
295000    7961
300000    7961
305000    7961
310000    7961
315000    7961
320000    7961
325000    7961
330000    7961
335000    7961
340000    7961
345000    7961
350000    7961
355000    7961
360000    7961
365000    7961
370000    7961
375000    7961
380000    7961
385000    7961
390000    7961
395000    7961
400000    7961
405000    7961
410000    7961
415000    7961
420000    7961
425000    7961
430000    7961
435000    7961
440000    7961
445000    7961
450000    7961
455000    7961
460000    7961
465000    7961
470000    7961
475000    7961
480000    7961
485000    7961
490000    7961
495000    7961
500000    7961
